           0   2.9198185183473888        1.0000000000000000     
           1   2.8469514166403225        2.4956037934956644E-002
           2   2.7806232663668817        2.3297956503843104E-002
           3   2.7201551211285713        2.1746255945458291E-002
           4   2.6649506690349178        2.0294597048843867E-002
           5   2.6144846162831223        1.8936955696095950E-002
           6   2.5682929073093983        1.7667615516281907E-002
           7   2.5259644623663271        1.6481159459111473E-002
           8   2.4871341733999586        1.5372460517513481E-002
           9   2.4514769470300579        1.4336671801327293E-002
          10   2.4187026218649068        1.3369216139216364E-002
          11   2.3885516183114404        1.2465775362751680E-002
          12   2.3607912040291565        1.1622279405420063E-002
          13   2.3352122784373726        1.0834895330060742E-002
          14   2.3116265961723204        1.0100016380881125E-002
          15   2.2898643628525370        9.4142511406548387E-003
          16   2.2697721475397756        8.7744128598656636E-003
          17   2.2512110653473547        8.1775090123206527E-003
          18   2.2340551911217483        7.6207311209885538E-003
          19   2.2181901713043310        7.1014448884099621E-003
          20   2.2035120062073439        6.6171806578496232E-003
          21   2.1899259792033434        6.1656242242966305E-003
          22   2.1773457128854710        5.7446080083715604E-003
          23   2.1656923352321917        5.3521026010315527E-003
          24   2.1548937413063922        4.9862086826113084E-003
          25   2.1448839381177365        4.6451493160805943E-003
          26   2.1356024620465943        4.3272626113687101E-003
          27   2.1269938597230640        4.0309947551196035E-003
          28   2.1190072245211247        3.7548933982250346E-003
          29   2.1115957819032181        3.4976013918883737E-003
          30   2.1047165177655351        3.2578508617224630E-003
          31   2.0983298447145824        3.0344576084446470E-003
          32   2.0923993018724683        2.8263158230591814E-003
          33   2.0868912843795062        2.6323931039515087E-003
          34   2.0817747992528983        2.4517257630548663E-003
          35   2.0770212446818022        2.2834144081300754E-003
          36   2.0726042102023121        2.1266197882182621E-003
          37   2.0684992955094930        1.9805588894458818E-003
          38   2.0646839459348896        1.8445012685699891E-003
          39   2.0611373028530573        1.7177656119306715E-003
          40   2.0578400674848236        1.5997165078083795E-003
          41   2.0547743767426030        1.4897614205595874E-003
          42   2.0519236899178814        1.3873478553108603E-003
          43   2.0492726851461529        1.2919607024151180E-003
          44   2.0468071647028134        1.2031197513197886E-003
          45   2.0445139682871152        1.1203773639473322E-003
          46   2.0423808935422372        1.0433162981347032E-003
          47   2.0403966231394963        9.7154767213837308E-004
          48   2.0385506578251849        9.0470906164858279E-004
          49   2.0368332548906904        8.4246272119948488E-004
          50   2.0352353715815164        7.8449392228714871E-004
          51   2.0337486130094917        7.3050940091971492E-004
          52   2.0323651841756343        6.8023590772621750E-004
          53   2.0310778457494800        6.3341885413984724E-004
          54   2.0298798732848393        5.8982104853723481E-004
          55   2.0287650195823717        5.4922151657357040E-004
          56   2.0277274799365470        5.1141440029275984E-004
          57   2.0267618600288637        4.7620793091658815E-004
          58   2.0258631462509742        4.4342347051899191E-004
          59   2.0250266782608941        4.1289461809305007E-004
          60   2.0242481235930314        3.8446637578687316E-004
          61   2.0235234541585663        3.5799437135150043E-004
          62   2.0228489244869508        3.3334413309086511E-004
          63   2.0222210515721484        3.1039041383756319E-004
          64   2.0216365961988472        2.8901656070033990E-004
          65   2.0210925456343989        2.6911392753337923E-004
          66   2.0205860975817562        2.5058132728092973E-004
          67   2.0201146452973364        2.3332452152572956E-004
          68   2.0196757637855920        2.1725574474998604E-004
          69   2.0192671969892184        2.0229326097758263E-004
          70   2.0188868459004419        1.8836095061795503E-004
          71   2.0185327575247665        1.7538792547706320E-004
          72   2.0182031146339816        1.6330817003390102E-004
          73   2.0178962262501816        1.5206020720845721E-004
          74   2.0176105188070883        1.4158678695991861E-004
          75   2.0173445279391062        1.3183459617336642E-004
          76   2.0170968908523550        1.2275398838502961E-004
          77   2.0168663392354045        1.1429873200245272E-004
          78   2.0166516926706439        1.0642577576158534E-004
          79   2.0164518525101642        9.9095030245428367E-005
          80   2.0162657961827342        9.2269164373283844E-005
          81   2.0160925719009439        8.5913415839411640E-005
          82   2.0159312937398877        7.9995414547953794E-005
          83   2.0157811370608671        7.4485018158507415E-005
          84   2.0156413342555490        6.9354158915264615E-005
          85   2.0155111707878071        6.4576700988346687E-005
          86   2.0153899815121448        6.0128307606909872E-005
          87   2.0152771472491238        5.5986317316284640E-005
          88   2.0151720915996405        5.2129628734523024E-005
          89   2.0150742779812116        4.8538593223183001E-005
          90   2.0149832068706304        4.5194914935097806E-005
          91   2.0148984132384857        4.2081557729868432E-005
          92   2.0148194641620765        3.9182658485680254E-005
          93   2.0147459566042025        3.6483446373947085E-005
          94   2.0146775153462246        3.3970167679724382E-005
          95   2.0146137910645905        3.1630015795950641E-005
          96   2.0145544585408066        2.9451066029146628E-005
          97   2.0144992149955363        2.7422214890296793E-005
          98   2.0144477785381647        2.5533123561785465E-005
          99   2.0143998867237838        2.3774165253205064E-005
         100   2.0143552952101138        2.2136376180253718E-005
         101   2.0143137765074099        2.0611409914916213E-005
         102   2.0142751188148855        1.9191494877949065E-005
         103   2.0142391249376370        1.7869394757596608E-005
         104   2.0142056112784843        1.6638371650016998E-005
         105   2.0141744068995195        1.5492151739637389E-005
         106   2.0141453526485327        1.4424893339596571E-005
         107   2.0141183003458125        1.3431157133014890E-005
         108   2.0140931120271381        1.2505878463072055E-005
         109   2.0140696592390666        1.1644341530954673E-005
         110   2.0140478223828975        1.0842155368810600E-005
         111   2.0140274901039410        1.0095231468945420E-005
         112   2.0140085587229564        9.3997629514260095E-006
         113   2.0139909317068398        8.7522051682312696E-006
         114   2.0139745191758509        8.1492576409126184E-006
         115   2.0139592374448476        7.5878472432437091E-006
         116   2.0139450085961808        7.0651125416602097E-006
         117   2.0139317600820581        6.5783892142563846E-006
         118   2.0139194243543437        6.1251964733482767E-006
         119   2.0139079385198952        5.7032244237451875E-006
         120   2.0138972440196756        5.3103222918328107E-006
         121   2.0138872863299975        4.9444874646521528E-006
         122   2.0138780146843742        4.6038552833563016E-006
         123   2.0138693818145494        4.2866895421812171E-006
         124   2.0138613437093871        3.9913736387035488E-006
         125   2.0138538593903865        3.7164023352097662E-006
         126   2.0138468907026743        3.4603740880810898E-006
         127   2.0138404021204073        3.2219839040370504E-006
         128   2.0138343605655908        3.0000166895380344E-006
         129   2.0138287352393887        2.7933410574073176E-006
         130   2.0138234974650588        2.6009035615390268E-006
         131   2.0138186205417190        2.4217233267835793E-006
         132   2.0138140796081898        2.2548870503413048E-006
         133   2.0138098515162235        2.0995443467855194E-006
         134   2.0138059147124707        1.9549034134502096E-006
         135   2.0138022491285823        1.8202269948874437E-006
         136   2.0137988360788834        1.6948286259689625E-006
         137   2.0137956581651033        1.5780691314311153E-006
         138   2.0137926991876665        1.4693533700172641E-006
         139   2.0137899440631011        1.3681271992347272E-006
         140   2.0137873787471365        1.2738746521726862E-006
         141   2.0137849901631006        1.1861153074566773E-006
         142   2.0137827661352530        1.1044018395844760E-006
         143   2.0137806953267097        1.0283177401913773E-006
         144   2.0137787671816461        9.5747519483463255E-007
         145   2.0137769718714837        8.9151310539636902E-007
         146   2.0137753002447845        8.3009525018599036E-007
         147   2.0137737437805958        7.7290857051252852E-007
         148   2.0137722945450127        7.1966157447983105E-007
         149   2.0137709451507311        6.7008285162230261E-007
         150   2.0137696887193894        6.2391968890983686E-007
         151   2.0137685188465047        5.8093678305958172E-007
         152   2.0137674295688224        5.4091504166510585E-007
         153   2.0137664153339201        5.0365046499081385E-007
         154   2.0137654709719008        4.6895310799690745E-007
         155   2.0137645916690401        4.3664611069197198E-007
         156   2.0137637729432467        4.0656479747953367E-007
         157   2.0137630106212159        3.7855583712271539E-007
         158   2.0137623008171546        3.5247646200741352E-007
         159   2.0137616399129734        3.2819374009130278E-007
         160   2.0137610245398450        3.0558389645398167E-007
         161   2.0137604515610295        2.8453168400954547E-007
         162   2.0137599180558858        2.6492979500358218E-007
         163   2.0137594213049841        2.4667831417845418E-007
         164   2.0137589587762430        2.2968420963889898E-007
         165   2.0137585281120232        2.1386085855241440E-007
         166   2.0137581271171090        1.9912760570082607E-007
         167   2.0137577537475186        1.8540935245822748E-007
         168   2.0137574061000856        1.7263617354982301E-007
         169   2.0137570824027562        1.6074296159242005E-007
         170   2.0137567810055583        1.4966909390402718E-007
         171   2.0137565003721907        1.3935812422944989E-007
         172   2.0137562390721904        1.2975749563340074E-007
         173   2.0137559957736433        1.2081827103310157E-007
         174   2.0137557692363930        1.1249488556076950E-007
         175   2.0137555583057205        1.0474491281730502E-007
         176   2.0137553619064579        9.7528849428011447E-008
         177   2.0137551790375081        9.0809913269500585E-008
         178   2.0137550087667413        8.4553856691157495E-008
         179   2.0137548502262446        7.8728790761841929E-008
         180   2.0137547026078968        7.3305024070427535E-008
         181   2.0137545651592501        6.8254910346588070E-008
         182   2.0137544371796947        6.3552707768809848E-008
         183   2.0137543180168866        5.9174448416036208E-008
         184   2.0137542070634233        5.5097815216696140E-008
         185   2.0137541037537479        5.1302028379944484E-008
         186   2.0137540075612654        4.7767739986011957E-008
         187   2.0137539179956589        4.4476935192026185E-008
         188   2.0137538346003909        4.1412839612296864E-008
         189   2.0137537569503747        3.8559835298916405E-008
         190   2.0137536846498096        3.5903379368456585E-008
         191   2.0137536173301624        3.3429931229050127E-008
         192   2.0137535546482881        3.1126883556268636E-008
         193   2.0137534962846817        2.8982497017820747E-008
         194   2.0137534419418501        2.6985840952372102E-008
         195   2.0137533913427945        2.5126738238281134E-008
         196   2.0137533442295994        2.3395712367513495E-008
         197   2.0137533003621177        2.1783939812142038E-008
         198   2.0137532595167462        2.0283205257635337E-008
         199   2.0137532214852860        1.8885859041360654E-008
         200   2.0137531860738820        1.7584778340006920E-008
         201   2.0137531531020332        1.6373331664879455E-008
         202   2.0137531224016745        1.5245343577679384E-008
         203   2.0137530938163191        1.4195064478392173E-008
         204   2.0137530672002604        1.3217141054728005E-008
         205   2.0137530424178296        1.2306588716287001E-008
         206   2.0137530193427051        1.1458765792924954E-008
         207   2.0137529978572677        1.0669350820491703E-008
         208   2.0137529778520005        9.9343202676073981E-009
